eps=[0.1 0.01 0.001 0.0001 0.00001 0.000001];
theor=[0.015086316409008 0.001060372381129  0.000349711629936 0.000091443215953 0.000006010740128  0.000000753389875];
fact=[0.004360032644934  0.006911765823543  0.004557745627049  0.000663901560545 0.000042162580394 0.000005275089697];