h=[1 0.5 0.25 0.1 0.05 0.01 0.001];
err=[0.172194096296946 0.008933910758321 0.000506971891187 0.000021582299743 0.000002375210509 0.000000017304899 0.000000000016983]; 