procent=[1 2 3];
fmd=[0.010007006085688 0.020065412487985 0.030149160302255];
shoot=[0.040973121940927 0.051333266195254 0.061703167704446];