procent=[1 2 3 4 5 6 7 8 9 10 11 12 13 14 15 16 17 18 19 20 21 22 23 24 25];
err=[0.016014674101196 0.015079864789926 0.014160838506618  0.013257198504754 0.012368561238805  0.011494555819081 0.010634823493416 0.009789017154144 0.008956800868947 0.008137849434226 0.007331847949752  0.006538491413410 0.006757171456621 0.007597424338388 0.008433437430667 0.009285650537875 0.010129077666504 0.010963857339297 0.011799341540607 0.012642544702281  0.013476962445304 0.014302733932447 0.015119995339758 0.015928879938150 0.016729518172273];