eps=[0.1 0.01 0.001 0.0001 0.00001 0.000001];
theor=[0.000992430069696 0.000137471976746 0.000013516920087 0.000067577182087 0.000000000040086 0.000000000002434];
fact=[0.473499983841842 0.042877476206383 0.034605685145243 0.074204729777856 0.001776689802587 0.000477793589891 ];