eps=[0.1 0.01 0.001 0.0001 0.00001 0.000001 0.0000001];
theor=[0.001644128830890 0.000000235494718 0.000000012036281 0.000000000677872 0.000000000040086 0.000000000002434 0.000000000000150];
fact=[0.535406658067468  0.042877476206383 0.018531139760891 0.006150920662243 0.001776689802587 0.000477793589891 0.000123911151545];